201 1 200 20 0
202 1 200 20 0
203 1 200 20 0
204 1 200 20 0
205 1 200 20 0
206 1 200 20 0
207 1 200 20 0
208 1 200 20 0
209 1 200 20 0
210 1 200 20 0
211 1 200 20 0
212 1 200 20 0
213 1 200 20 0
214 1 200 20 0
215 1 200 20 0
216 1 200 20 0
217 1 200 20 0
218 1 200 20 0
219 1 200 20 0
220 1 200 20 0
301 1 200 20 0
302 1 200 20 0
303 1 200 20 0
304 1 200 20 0
305 1 200 20 0
306 1 200 20 0
307 1 200 20 0
308 1 200 20 0
309 1 200 20 0
310 1 200 20 0
311 1 200 20 0
312 1 200 20 0
313 1 200 20 0
314 1 200 20 0
315 1 200 20 0
316 1 200 20 0
317 1 200 20 0
318 1 200 20 0
319 1 200 20 0
320 1 200 20 0
401 1 200 20 0
402 1 200 20 0
403 1 200 20 0
404 1 200 20 0
405 1 200 20 0
406 1 200 20 0
407 1 200 20 0
408 1 200 20 0
409 1 200 20 0
410 1 200 20 0
411 1 200 20 0
412 1 200 20 0
413 1 200 20 0
414 1 200 20 0
415 1 200 20 0
416 1 200 20 0
417 1 200 20 0
418 1 200 20 0
419 1 200 20 0
420 1 200 20 0
501 3 200 20 0
502 3 200 20 0
503 3 200 20 0
504 3 200 20 0
505 3 200 20 0
506 3 200 20 0
507 3 200 20 0
508 3 200 20 0
509 3 200 20 0
510 3 200 20 0
511 3 200 20 0
512 3 200 20 0
513 3 200 20 0
514 3 200 20 0
515 3 200 20 0
516 3 200 20 0
517 3 200 20 0
518 3 200 20 0
519 3 200 20 0
520 3 200 20 0
601 3 200 20 0
602 3 200 20 0
603 3 200 20 0
604 3 200 20 0
605 3 200 20 0
606 3 200 20 0
607 3 200 20 0
608 3 200 20 0
609 3 200 20 0
610 3 200 20 0
611 3 200 20 0
612 3 200 20 0
613 3 200 20 0
614 3 200 20 0
615 3 200 20 0
616 3 200 20 0
617 3 200 20 0
618 3 200 20 0
619 3 200 20 0
620 3 200 20 0
701 3 200 20 0
702 3 200 20 0
703 3 200 20 0
704 3 200 20 0
705 3 200 20 0
706 3 200 20 0
707 3 200 20 0
708 3 200 20 0
709 3 200 20 0
710 3 200 20 0
711 3 200 20 0
712 3 200 20 0
713 3 200 20 0
714 3 200 20 0
715 3 200 20 0
716 3 200 20 0
717 3 200 20 0
718 3 200 20 0
719 3 200 20 0
720 3 200 20 0
801 2 250 25 0
802 2 250 25 0
803 2 250 25 0
804 2 250 25 0
805 2 250 25 0
806 2 250 25 0
807 2 250 25 0
808 2 250 25 0
809 2 250 25 0
810 2 250 25 0
811 2 250 25 0
812 2 250 25 0
813 2 250 25 0
814 2 250 25 0
815 2 250 25 0
816 2 250 25 0
817 2 250 25 0
818 2 250 25 0
819 2 250 25 0
820 2 250 25 0
901 2 250 25 0
902 2 250 25 0
903 2 250 25 0
904 2 250 25 0
905 2 250 25 0
906 2 250 25 0
907 2 250 25 0
908 2 250 25 0
909 2 250 25 0
910 2 250 25 0
911 2 250 25 0
912 2 250 25 0
913 2 250 25 0
914 2 250 25 0
915 2 250 25 0
916 2 250 25 0
917 2 250 25 0
918 2 250 25 0
919 2 250 25 0
920 2 250 25 0
1001 2 250 25 0
1002 2 250 25 0
1003 2 250 25 0
1004 2 250 25 0
1005 2 250 25 0
1006 2 250 25 0
1007 2 250 25 0
1008 2 250 25 0
1009 2 250 25 0
1010 2 250 25 0
1011 2 250 25 0
1012 2 250 25 0
1013 2 250 25 0
1014 2 250 25 0
1015 2 250 25 0
1016 2 250 25 0
1017 2 250 25 0
1018 2 250 25 0
1019 2 250 25 0
1020 2 250 25 0
